1.379940000000000000e+05 1.050621867955721545e+00 1.668718000231973198e-01
1.379950000000000000e+05 9.384599709300801562e-01 1.909588250548256982e-01
1.379970000000000000e+05 1.037233403555505307e+00 1.583759182383769337e-01
1.380240000000000000e+05 1.003897584463199211e+00 2.138114718480128296e-01
1.380250000000000000e+05 1.078978275211897930e+00 1.336391361145989887e-01
1.380550000000000000e+05 1.078517706405204724e+00 1.349847624300501980e-01
1.380890000000000000e+05 1.083587682798268226e+00 1.689994093783286910e-01
1.381120000000000000e+05 1.084102309551074228e+00 1.171916032546761327e-01
1.381380000000000000e+05 1.011381524353742289e+00 1.605290614573750552e-01
1.381390000000000000e+05 8.376098357352160795e-01 3.106117285791183402e-01
1.478480000000000000e+05 9.556661388833967985e-01 1.711058227627122452e-01
1.517900000000000000e+05 9.693853376970308355e-01 3.471429021586582009e-02
1.526290000000000000e+05 8.688942066877174408e-01 1.481693904678652862e-01
1.531160000000000000e+05 9.147975130614091066e-01 1.413955716505186644e-01
1.531200000000000000e+05 9.188937779520816029e-01 1.159016086124966954e-01
1.478470000000000000e+05 1.005225423197019907e+00 -3.779184992691883571e-02
1.380870000000000000e+05 1.044012326026023008e+00 7.824647784169858067e-02
1.522220000000000000e+05 9.920671444175001019e-01 -2.402213013503362582e-01
1.478100000000000000e+05 8.912885540793749062e-01 1.001179475702425464e-01
1.478090000000000000e+05 1.049743328017332056e+00 -1.420619817846226762e-01
1.381140000000000000e+05 1.127187483592919426e+00 -1.000863898502597077e-01
1.379920000000000000e+05 1.139524665070555054e+00 -8.985198867010464607e-02
1.522260000000000000e+05 1.045719381846899054e+00 -2.547191971598377833e-02
1.531250000000000000e+05 1.043028937202923778e+00 -6.434973105358868239e-02
1.380860000000000000e+05 1.089366691599546577e+00 -9.567442895613952059e-02
1.379930000000000000e+05 9.946682097470415096e-01 8.848152771995727861e-02
1.409500000000000000e+05 8.800395039480490844e-01 6.478974458581730073e-03
1.531290000000000000e+05 1.051835346536581062e+00 -1.373544900537235491e-01
1.530290000000000000e+05 9.631136613542008451e-01 5.746354264207546164e-02
1.478460000000000000e+05 1.112315387565750546e+00 1.340888384721120596e-01
1.469700000000000000e+05 1.013579555160821100e+00 -2.534372413633050394e-02
1.538110000000000000e+05 7.983235753160835557e-01 -6.185959067462205863e-02
1.531330000000000000e+05 9.780223053667264077e-01 6.991739368159867463e-05
1.478080000000000000e+05 9.578501801657969272e-01 1.005776514408514288e-02
1.379910000000000000e+05 1.045437381009987510e+00 1.420753266561744221e-01
1.537920000000000000e+05 9.062259349871861769e-01 -6.370820434279653166e-02
1.478450000000000000e+05 1.068846336869117675e+00 -4.700702940653618545e-02
1.478790000000000000e+05 9.332811474343508662e-01 9.294085608955064692e-02
1.530310000000000000e+05 9.583509206814901926e-01 -3.643229758312798577e-02
1.471210000000000000e+05 7.846210104923591055e-01 8.814068123052151704e-02
1.538130000000000000e+05 8.152869164559627402e-01 -6.125978462265104646e-02
1.469690000000000000e+05 8.884402306004477445e-01 -9.460917037585313272e-02
1.478430000000000000e+05 1.022909816819428830e+00 -7.520470615314871557e-03
1.530320000000000000e+05 9.079386938778725158e-01 -3.883750387529241732e-02
1.478050000000000000e+05 8.881694270439639549e-01 -5.989553031532787730e-02
1.468980000000000000e+05 8.810592478471160893e-01 -5.768836727432666983e-02
