2.763000000000000000e+04 1.164616986002547705e+00 1.908982152824945100e-02
3.316100000000000000e+04 1.032589462161753735e+00 5.957208614697959842e-02
3.350200000000000000e+04 1.022828072313264558e+00 2.073385387788869230e-02
3.353600000000000000e+04 1.012623045370719455e+00 -8.804262566914103361e-02
3.883500000000000000e+04 1.009449541038475395e+00 2.700759108878116044e-02
2.762800000000000000e+04 1.061191064870515399e+00 8.824143400621137223e-02
2.812700000000000000e+04 9.228526399637630995e-01 1.194797153557793645e-01
3.431000000000000000e+04 8.857853150184029634e-01 2.279173811937302840e-01
3.313600000000000000e+04 9.835251356602975337e-01 -4.811807750934059269e-03
3.313500000000000000e+04 1.026155459777779555e+00 -2.286379056056000725e-01
3.348200000000000000e+04 9.923008161285484796e-01 4.203779865835802210e-02
3.313800000000000000e+04 1.023014413947312962e+00 -4.872253883512681766e-02
2.766300000000000000e+04 1.117520566114013736e+00 3.281352146993518626e-02
2.816800000000000000e+04 1.069104193687958393e+00 7.605964763612257928e-02
3.414800000000000000e+04 9.793332422589010600e-01 4.547056876903590728e-02
2.759300000000000000e+04 1.080149747727637166e+00 8.453522380352136711e-02
2.760000000000000000e+04 1.068442307913387124e+00 1.463676666227296808e-01
2.762600000000000000e+04 1.036210159013754684e+00 1.555031864686584608e-01
2.763100000000000000e+04 1.118379871844140894e+00 1.695749587256191460e-01
2.763200000000000000e+04 1.156506218804528752e+00 -3.881752668600821354e-02
2.766500000000000000e+04 8.635302346534587947e-01 4.525397163892409813e-02
2.766600000000000000e+04 1.076231065651035435e+00 6.037668263190779788e-02
3.349900000000000000e+04 1.111999223326450181e+00 1.172088568387725793e-01
3.431300000000000000e+04 1.033448808939726682e+00 1.250980839849488158e-01
3.494900000000000000e+04 9.945450492381359142e-01 -3.217772433737081661e-02
3.883200000000000000e+04 9.975525257700683657e-01 9.091381687255351007e-02
3.886200000000000000e+04 1.072107946556021041e+00 3.951704879623231526e-02
3.889500000000000000e+04 1.032549786961947769e+00 1.115806983192692420e-01
2.759200000000000000e+04 1.063491920080827269e+00 -9.885480251090253412e-02
2.760100000000000000e+04 1.184422206372764297e+00 -4.369693961031411583e-02
2.760200000000000000e+04 1.002723772457404516e+00 3.861927647988400852e-02
2.762500000000000000e+04 1.055669567287333521e+00 2.193571046114129452e-01
2.763300000000000000e+04 9.659217099681084440e-01 -1.517428215642154521e-01
2.766700000000000000e+04 9.947252859178310480e-01 4.682286835370507057e-03
3.431400000000000000e+04 1.074800008905655968e+00 5.751101025921520615e-02
3.495000000000000000e+04 1.026751673859462421e+00 -4.100318838897128171e-02
3.497600000000000000e+04 9.346594987077581074e-01 -1.182782395753359667e-01
2.763400000000000000e+04 1.085382719552866915e+00 -1.295713719382299116e-02
2.760300000000000000e+04 1.063829495850888263e+00 -1.477716553270778388e-01
2.766800000000000000e+04 1.068334228030766830e+00 -8.770589432440900612e-02
2.757500000000000000e+04 1.144521559057096960e+00 1.250897517194247133e-01
3.500100000000000000e+04 1.023345276423778483e+00 -1.309249422698257823e-02
3.497800000000000000e+04 1.131191927527584795e+00 4.060932989284499889e-02
2.760400000000000000e+04 9.896156250209435790e-01 -6.386515588707390723e-02
2.757600000000000000e+04 8.727961022731781648e-01 1.204474281761109059e-02
2.757700000000000000e+04 9.959828086882591691e-01 -1.600039620287205810e-01
