7.437700000000000000e+04 1.090798130395126853e+00 4.236638292507120124e-02
4.546900000000000000e+04 1.049735110399619087e+00 -3.686891539135751794e-02
3.893100000000000000e+04 1.097589878121191020e+00 -1.361115662537240416e-02
4.544800000000000000e+04 1.037826928160383133e+00 -8.835690188247884158e-02
3.889800000000000000e+04 9.663894661276102305e-01 1.355460595308937144e-01
4.548900000000000000e+04 9.912613158866100393e-01 -9.119358368355574840e-02
7.438100000000000000e+04 1.021008257349754977e+00 3.928646379513621098e-03
4.703000000000000000e+04 1.035555925143632372e+00 -9.780391953648116810e-02
3.896100000000000000e+04 1.092182665292323440e+00 -1.019178934922402024e-01
3.896000000000000000e+04 9.628903918001019413e-01 8.671365704031086530e-02
4.546700000000000000e+04 1.009395241058251624e+00 -9.156553548575714629e-02
4.547000000000000000e+04 9.818888645079023592e-01 -9.986033289595422358e-02
3.893200000000000000e+04 8.951353092502336573e-01 9.554991826978970204e-02
4.702900000000000000e+04 1.011430872382810708e+00 -7.142911669887103132e-02
4.544500000000000000e+04 1.022764380956428187e+00 -1.733281161215896593e-01
4.548700000000000000e+04 1.081018799442867717e+00 8.671448850124463537e-02
4.544900000000000000e+04 9.615048664306439230e-01 5.238431479344209801e-02
4.706500000000000000e+04 1.076638537159579911e+00 2.781096919593057867e-02
7.437400000000000000e+04 1.098719196116770824e+00 1.348730380326809142e-01
6.716100000000000000e+04 9.105840628619392696e-01 -1.476854739088546628e-02
5.891200000000000000e+04 8.100756548607321861e-01 -5.145545122139361105e-02
6.709400000000000000e+04 9.594119899421528208e-01 -7.914202146657589587e-02
5.068100000000000000e+04 9.063032960513965897e-01 -4.636871323135829254e-02
3.895900000000000000e+04 1.056189391511035858e+00 -1.256246979595537772e-02
4.703300000000000000e+04 1.128132999192742458e+00 1.002030508751213800e-01
4.547100000000000000e+04 1.063064308109617606e+00 8.761608075673587778e-03
7.424700000000000000e+04 1.112161280775033179e+00 6.300098453147399968e-02
4.703200000000000000e+04 9.655694572177915269e-01 -4.670251894494504424e-02
7.438600000000000000e+04 1.032353197762845065e+00 1.249179209750612973e-01
6.721500000000000000e+04 6.735331498388810179e-01 3.442158717434615905e-02
7.425100000000000000e+04 1.013403038025637581e+00 -1.063520099459041995e-01
4.706400000000000000e+04 1.037724981936044344e+00 -6.890361407020469120e-02
6.716200000000000000e+04 1.000495416696487005e+00 -1.483021803954717721e-01
6.709500000000000000e+04 9.714717930250856837e-01 -8.275292778640165603e-02
6.711400000000000000e+04 9.685233339457254287e-01 -1.118023237751115534e-01
4.703400000000000000e+04 1.102438870838097440e+00 -6.861523707572433906e-02
6.719000000000000000e+04 9.064468960586277158e-01 -9.244338756859012129e-02
6.678600000000000000e+04 1.072810023060161821e+00 -3.105913181788876390e-02
7.425300000000000000e+04 9.600430626693720049e-01 -4.704216066533046386e-02
7.436800000000000000e+04 1.048758728237409121e+00 -1.795322259194467515e-02
7.439000000000000000e+04 1.021674189632030494e+00 -2.985385919345633077e-02
7.728400000000000000e+04 8.510560171939900442e-01 -3.668303714517471420e-02
6.380500000000000000e+04 1.028363940913107344e+00 7.406132552746327868e-02
7.728700000000000000e+04 8.494939578875740915e-01 -1.073549254491534821e-01
7.466400000000000000e+04 9.855779696596462802e-01 1.881789793508087741e-02
7.466600000000000000e+04 9.059138888231996756e-01 -1.913182606721436363e-02
