2.756800000000000000e+04 1.019357158246228190e+00 -3.169326321925694523e-03
2.092300000000000000e+04 1.098554174895000513e+00 -5.622876289129944555e-02
2.681200000000000000e+04 1.077307186629215208e+00 6.178745397755986551e-02
2.101700000000000000e+04 3.818245529335138611e-01 -1.839745834531909263e-01
2.101600000000000000e+04 7.235286652887468195e-01 1.646022944365631291e-01
2.060900000000000000e+04 8.455405056813493081e-01 -2.325916744610882214e-01
2.757000000000000000e+04 1.057948441247795524e+00 1.438909918916316255e-01
2.754000000000000000e+04 9.785855406911270205e-01 6.946765219540441960e-02
2.139000000000000000e+04 7.187709227764443876e-01 1.296541572336811776e-01
2.055400000000000000e+04 4.853347688588881548e-01 -2.141660727908303863e-01
2.057300000000000000e+04 4.954877252648284824e-01 -3.432020593884917425e-01
2.610900000000000000e+04 1.045724248079443308e+00 -8.801586719888572496e-02
2.100600000000000000e+04 9.761853724025449930e-01 2.013632526685701918e-01
2.116500000000000000e+04 7.641656626780854999e-01 2.228644711359820951e-01
2.055100000000000000e+04 5.532489465970505949e-01 -1.735551637217501164e-01
2.750500000000000000e+04 1.026772628664210041e+00 1.805475690540645495e-01
2.737600000000000000e+04 1.105336648890184792e+00 -9.194249483167769854e-02
2.757200000000000000e+04 1.042296034294807994e+00 3.858618763358478976e-02
2.756700000000000000e+04 1.168839577951000352e+00 1.380004598068711452e-01
2.756600000000000000e+04 1.091311487859840668e+00 -1.586971336542061795e-02
2.608300000000000000e+04 1.107254183127152958e+00 -7.159521144858070271e-03
2.678900000000000000e+04 1.046269469970374066e+00 -1.169341527306947820e-01
2.059700000000000000e+04 1.268863339882372099e+00 -1.069203815597856294e-01
2.189400000000000000e+04 9.825657753856423815e-01 -7.925907800743869913e-02
2.610700000000000000e+04 1.035130062693679243e+00 9.778599422400564845e-02
2.750000000000000000e+04 1.084943687852558236e+00 1.394631657859937701e-01
2.186300000000000000e+04 1.104261541519562240e+00 2.118309837091324720e-03
2.116800000000000000e+04 8.616109117311989696e-01 1.331669738817653492e-01
2.750600000000000000e+04 1.084260354598847842e+00 8.399834698389237186e-02
2.149600000000000000e+04 9.794309598236550229e-01 8.017796684676888747e-03
2.754400000000000000e+04 9.682220878441103462e-01 -5.847259754404936921e-02
2.137600000000000000e+04 1.035452207821807580e+00 8.247606300248382094e-02
2.102800000000000000e+04 9.744338552624168814e-01 -9.290987900031300040e-03
2.611400000000000000e+04 1.086588614198407354e+00 -5.316735887819453582e-02
2.754300000000000000e+04 1.097573539229232287e+00 1.258812057632783532e-01
2.134900000000000000e+04 9.112438012297701118e-01 9.054423801994367083e-02
2.749800000000000000e+04 1.048940813773088676e+00 2.216756480522207376e-03
2.145200000000000000e+04 9.140867638778447102e-01 1.305629430204302208e-02
2.610500000000000000e+04 1.033915445538272637e+00 6.566345378510973774e-03
2.611500000000000000e+04 1.125605123375895023e+00 -9.662024799030222155e-03
2.149200000000000000e+04 9.174739475267659206e-01 7.972487059072314031e-02
2.099800000000000000e+04 1.018121177193338056e+00 1.446968987454586020e-02
2.127600000000000000e+04 8.954959340704105042e-01 -7.443612703695728916e-02
2.149100000000000000e+04 7.563226881771965004e-01 -7.464155672104423600e-02
2.609100000000000000e+04 1.092662725984930416e+00 7.663430690765035691e-02
2.146400000000000000e+04 1.007965454307079955e+00 -4.411665535972790486e-02
