9.346500000000000000e+04 9.991148001899171627e-01 -1.182774312254594729e-02
1.063590000000000000e+05 1.036057775069859632e+00 -6.764443772444388159e-02
1.063060000000000000e+05 9.830212214144402605e-01 -1.993641735092519830e-03
1.062450000000000000e+05 8.540709760356760549e-01 9.930250937233950359e-02
9.615100000000000000e+04 9.690850170164809763e-01 5.862670229725499421e-02
9.535800000000000000e+04 1.039134407219646894e+00 -1.164115397278909503e-01
8.832100000000000000e+04 7.976297667823999404e-01 -5.675393376286029523e-02
9.353300000000000000e+04 1.123008078891463590e+00 -4.975285225183900123e-02
1.062460000000000000e+05 9.912859863340897082e-01 -1.149512475461960948e-01
9.716500000000000000e+04 8.940641006832230619e-01 -5.925352324537984383e-02
9.353200000000000000e+04 1.113153608920814941e+00 -5.088363108348938763e-02
8.626300000000000000e+04 9.966166369403922642e-01 -7.626136260123865529e-02
8.722100000000000000e+04 9.493540754294259587e-01 5.377302688595751723e-02
8.618300000000000000e+04 9.560845558807956612e-01 -7.524083746279107421e-02
9.542700000000000000e+04 9.673411656721432328e-01 -9.100908052101740198e-02
1.063040000000000000e+05 1.049099619810680784e+00 1.661521307585676205e-02
1.063560000000000000e+05 7.912799618231056709e-01 1.246239182825756714e-01
8.832300000000000000e+04 8.812640512843478158e-01 -1.768156578449720309e-03
9.346400000000000000e+04 9.948463199591497386e-01 8.563003921219604353e-02
9.346300000000000000e+04 1.041220874212139602e+00 -3.638853959818607459e-02
8.585600000000000000e+04 9.101758275592596314e-01 1.595196876811918185e-01
9.539900000000000000e+04 1.013267529458083738e+00 1.079172048625716279e-01
8.789100000000000000e+04 8.468216607521826811e-01 -4.907061256630491919e-02
1.062440000000000000e+05 8.712453398695354512e-01 1.189589882654537717e-01
8.738700000000000000e+04 9.470741705592741200e-01 2.817387126622209609e-02
8.738500000000000000e+04 9.835576325535608788e-01 -4.166010948843595213e-03
8.626400000000000000e+04 9.715369715664701200e-01 1.130636389407816689e-01
9.353100000000000000e+04 1.090304737855337658e+00 7.860326907576096686e-03
1.063030000000000000e+05 9.770595951751750441e-01 -4.791148113502010503e-02
9.662500000000000000e+04 8.905282757508725666e-01 1.837599951299498727e-02
1.063020000000000000e+05 8.457519457587726608e-01 1.152687924363776234e-01
8.832400000000000000e+04 1.046007691118328475e+00 8.368242446190037043e-02
9.346200000000000000e+04 1.030652646740615408e+00 -9.204189986078292751e-02
1.059790000000000000e+05 9.456373570426069852e-01 -3.379971058535426176e-02
8.618900000000000000e+04 1.100658712804756245e+00 -8.846869158189947513e-02
9.543000000000000000e+04 1.037712262010699993e+00 7.624594323044826816e-02
9.540100000000000000e+04 9.737106842935802087e-01 -3.959616859404253147e-02
8.619000000000000000e+04 1.057686493382992809e+00 -7.986765138255273733e-02
9.543200000000000000e+04 1.140859331935752508e+00 7.412656582664446658e-02
9.346100000000000000e+04 9.638013471993055470e-01 1.191409297807839301e-01
8.952100000000000000e+04 9.377551933917576132e-01 -7.932476674301429734e-03
8.722700000000000000e+04 9.339543284099374176e-01 1.357890608166684512e-02
8.619100000000000000e+04 1.040880811212339330e+00 -4.407566706333469753e-02
9.543300000000000000e+04 1.020125256336703146e+00 -1.214740476968007368e-02
8.941900000000000000e+04 5.787928939408389928e-01 8.477046847209580849e-02
9.543400000000000000e+04 1.214064156014257545e+00 7.247304459462118598e-02
