1.379940000000000000e+05
1.379950000000000000e+05
1.379970000000000000e+05
1.380240000000000000e+05
1.380250000000000000e+05
1.380550000000000000e+05
1.380890000000000000e+05
1.381120000000000000e+05
1.381380000000000000e+05
1.381390000000000000e+05
1.478480000000000000e+05
1.517900000000000000e+05
1.526290000000000000e+05
1.531160000000000000e+05
1.531200000000000000e+05
1.478470000000000000e+05
1.380870000000000000e+05
1.522220000000000000e+05
1.478100000000000000e+05
1.478090000000000000e+05
1.381140000000000000e+05
1.379920000000000000e+05
1.522260000000000000e+05
1.531250000000000000e+05
1.380860000000000000e+05
1.379930000000000000e+05
1.409500000000000000e+05
1.531290000000000000e+05
1.530290000000000000e+05
1.478460000000000000e+05
1.469700000000000000e+05
1.538110000000000000e+05
1.531330000000000000e+05
1.478080000000000000e+05
1.379910000000000000e+05
1.537920000000000000e+05
1.478450000000000000e+05
1.478790000000000000e+05
1.530310000000000000e+05
1.471210000000000000e+05
1.538130000000000000e+05
1.469690000000000000e+05
1.478430000000000000e+05
1.530320000000000000e+05
1.478050000000000000e+05
1.468980000000000000e+05
