2.756800000000000000e+04
2.092300000000000000e+04
2.681200000000000000e+04
2.101700000000000000e+04
2.101600000000000000e+04
2.060900000000000000e+04
2.757000000000000000e+04
2.754000000000000000e+04
2.139000000000000000e+04
2.055400000000000000e+04
2.057300000000000000e+04
2.610900000000000000e+04
2.100600000000000000e+04
2.116500000000000000e+04
2.055100000000000000e+04
2.750500000000000000e+04
2.737600000000000000e+04
2.757200000000000000e+04
2.756700000000000000e+04
2.756600000000000000e+04
2.608300000000000000e+04
2.678900000000000000e+04
2.059700000000000000e+04
2.189400000000000000e+04
2.610700000000000000e+04
2.750000000000000000e+04
2.186300000000000000e+04
2.116800000000000000e+04
2.750600000000000000e+04
2.149600000000000000e+04
2.754400000000000000e+04
2.137600000000000000e+04
2.102800000000000000e+04
2.611400000000000000e+04
2.754300000000000000e+04
2.134900000000000000e+04
2.749800000000000000e+04
2.145200000000000000e+04
2.610500000000000000e+04
2.611500000000000000e+04
2.149200000000000000e+04
2.099800000000000000e+04
2.127600000000000000e+04
2.149100000000000000e+04
2.609100000000000000e+04
2.146400000000000000e+04
