9.346500000000000000e+04
1.063590000000000000e+05
1.063060000000000000e+05
1.062450000000000000e+05
9.615100000000000000e+04
9.535800000000000000e+04
8.832100000000000000e+04
9.353300000000000000e+04
1.062460000000000000e+05
9.716500000000000000e+04
9.353200000000000000e+04
8.626300000000000000e+04
8.722100000000000000e+04
8.618300000000000000e+04
9.542700000000000000e+04
1.063040000000000000e+05
1.063560000000000000e+05
8.832300000000000000e+04
9.346400000000000000e+04
9.346300000000000000e+04
8.585600000000000000e+04
9.539900000000000000e+04
8.789100000000000000e+04
1.062440000000000000e+05
8.738700000000000000e+04
8.738500000000000000e+04
8.626400000000000000e+04
9.353100000000000000e+04
1.063030000000000000e+05
9.662500000000000000e+04
1.063020000000000000e+05
8.832400000000000000e+04
9.346200000000000000e+04
1.059790000000000000e+05
8.618900000000000000e+04
9.543000000000000000e+04
9.540100000000000000e+04
8.619000000000000000e+04
9.543200000000000000e+04
9.346100000000000000e+04
8.952100000000000000e+04
8.722700000000000000e+04
8.619100000000000000e+04
9.543300000000000000e+04
8.941900000000000000e+04
9.543400000000000000e+04
