2.763000000000000000e+04
3.316100000000000000e+04
3.350200000000000000e+04
3.353600000000000000e+04
3.883500000000000000e+04
2.762800000000000000e+04
2.812700000000000000e+04
3.431000000000000000e+04
3.313600000000000000e+04
3.313500000000000000e+04
3.348200000000000000e+04
3.313800000000000000e+04
2.766300000000000000e+04
2.816800000000000000e+04
3.414800000000000000e+04
2.759300000000000000e+04
2.760000000000000000e+04
2.762600000000000000e+04
2.763100000000000000e+04
2.763200000000000000e+04
2.766500000000000000e+04
2.766600000000000000e+04
3.349900000000000000e+04
3.431300000000000000e+04
3.494900000000000000e+04
3.883200000000000000e+04
3.886200000000000000e+04
3.889500000000000000e+04
2.759200000000000000e+04
2.760100000000000000e+04
2.760200000000000000e+04
2.762500000000000000e+04
2.763300000000000000e+04
2.766700000000000000e+04
3.431400000000000000e+04
3.495000000000000000e+04
3.497600000000000000e+04
2.763400000000000000e+04
2.760300000000000000e+04
2.766800000000000000e+04
2.757500000000000000e+04
3.500100000000000000e+04
3.497800000000000000e+04
2.760400000000000000e+04
2.757600000000000000e+04
2.757700000000000000e+04
