1.838600000000000000e+04
1.840600000000000000e+04
1.841500000000000000e+04
1.847800000000000000e+04
1.848000000000000000e+04
1.852600000000000000e+04
1.856100000000000000e+04
1.856400000000000000e+04
1.859800000000000000e+04
1.887000000000000000e+04
1.887100000000000000e+04
1.887200000000000000e+04
1.887300000000000000e+04
1.887400000000000000e+04
1.888500000000000000e+04
1.888600000000000000e+04
1.888700000000000000e+04
1.888800000000000000e+04
1.888900000000000000e+04
1.894200000000000000e+04
1.894300000000000000e+04
1.894400000000000000e+04
1.894500000000000000e+04
1.894600000000000000e+04
1.955100000000000000e+04
1.959100000000000000e+04
2.303700000000000000e+04
2.306300000000000000e+04
2.308100000000000000e+04
2.311700000000000000e+04
2.313400000000000000e+04
2.315500000000000000e+04
2.315600000000000000e+04
2.330400000000000000e+04
2.330900000000000000e+04
2.331000000000000000e+04
2.352300000000000000e+04
2.352600000000000000e+04
2.354400000000000000e+04
2.354500000000000000e+04
2.355500000000000000e+04
2.355600000000000000e+04
2.355700000000000000e+04
2.355800000000000000e+04
2.355900000000000000e+04
2.356200000000000000e+04
2.357600000000000000e+04
2.357700000000000000e+04
2.357800000000000000e+04
2.359200000000000000e+04
2.359300000000000000e+04
2.359400000000000000e+04
2.359500000000000000e+04
2.359600000000000000e+04
2.360000000000000000e+04
2.360800000000000000e+04
2.361000000000000000e+04
2.361100000000000000e+04
2.364100000000000000e+04
2.364200000000000000e+04
2.366200000000000000e+04
2.366300000000000000e+04
2.373900000000000000e+04
2.374000000000000000e+04
2.374100000000000000e+04
2.375300000000000000e+04
2.375400000000000000e+04
2.375600000000000000e+04
2.396800000000000000e+04
2.396900000000000000e+04
2.411600000000000000e+04
2.413900000000000000e+04
2.414000000000000000e+04
2.414100000000000000e+04
2.441100000000000000e+04
2.441200000000000000e+04
