2.987300000000000000e+04
2.987400000000000000e+04
3.001300000000000000e+04
3.001400000000000000e+04
3.594100000000000000e+04
3.595600000000000000e+04
3.595700000000000000e+04
3.599200000000000000e+04
3.601200000000000000e+04
3.601300000000000000e+04
3.606600000000000000e+04
3.617400000000000000e+04
3.636100000000000000e+04
4.171200000000000000e+04
4.175300000000000000e+04
4.236400000000000000e+04
4.303900000000000000e+04
4.342400000000000000e+04
4.344700000000000000e+04
4.348900000000000000e+04
4.349000000000000000e+04
4.847600000000000000e+04
4.864600000000000000e+04
4.868200000000000000e+04
4.871700000000000000e+04
4.873400000000000000e+04
5.435400000000000000e+04
5.439000000000000000e+04
5.439100000000000000e+04
5.439200000000000000e+04
5.440400000000000000e+04
5.465300000000000000e+04
5.470600000000000000e+04
5.470700000000000000e+04
5.473400000000000000e+04
5.474800000000000000e+04
5.474900000000000000e+04
5.477100000000000000e+04
5.477200000000000000e+04
5.478900000000000000e+04
6.079300000000000000e+04
6.079400000000000000e+04
8.012400000000000000e+04
8.012900000000000000e+04
8.013200000000000000e+04
8.013400000000000000e+04
8.015800000000000000e+04
8.016100000000000000e+04
8.016300000000000000e+04
8.016500000000000000e+04
8.016700000000000000e+04
8.017000000000000000e+04
8.019000000000000000e+04
8.019100000000000000e+04
8.036500000000000000e+04
8.099700000000000000e+04
8.099800000000000000e+04
8.108600000000000000e+04
8.108900000000000000e+04
8.113300000000000000e+04
8.113400000000000000e+04
8.113500000000000000e+04
8.113600000000000000e+04
8.116200000000000000e+04
8.116400000000000000e+04
8.166600000000000000e+04
8.166700000000000000e+04
8.173100000000000000e+04
8.179400000000000000e+04
8.270300000000000000e+04
