8.895000000000000000e+04
8.895100000000000000e+04
8.897300000000000000e+04
8.898600000000000000e+04
8.935400000000000000e+04
8.936000000000000000e+04
8.936700000000000000e+04
8.940900000000000000e+04
8.956500000000000000e+04
8.956800000000000000e+04
8.960400000000000000e+04
8.960500000000000000e+04
8.973200000000000000e+04
8.982800000000000000e+04
8.982900000000000000e+04
8.983000000000000000e+04
9.023700000000000000e+04
9.023800000000000000e+04
9.027800000000000000e+04
9.031700000000000000e+04
9.031800000000000000e+04
9.031900000000000000e+04
9.032000000000000000e+04
9.032100000000000000e+04
9.034800000000000000e+04
9.034900000000000000e+04
9.035000000000000000e+04
9.035100000000000000e+04
9.037600000000000000e+04
9.037700000000000000e+04
9.037800000000000000e+04
9.037900000000000000e+04
9.038100000000000000e+04
9.040800000000000000e+04
9.041000000000000000e+04
9.041400000000000000e+04
9.043700000000000000e+04
9.043900000000000000e+04
9.044000000000000000e+04
9.044100000000000000e+04
9.047800000000000000e+04
9.056400000000000000e+04
1.004260000000000000e+05
1.004530000000000000e+05
1.004540000000000000e+05
1.005530000000000000e+05
1.005730000000000000e+05
1.005740000000000000e+05
1.011660000000000000e+05
1.030530000000000000e+05
1.030550000000000000e+05
1.036980000000000000e+05
1.038040000000000000e+05
1.038480000000000000e+05
1.038490000000000000e+05
1.039620000000000000e+05
1.042260000000000000e+05
1.042280000000000000e+05
