1.353060000000000000e+05
1.353070000000000000e+05
1.354790000000000000e+05
1.354800000000000000e+05
1.354810000000000000e+05
1.356290000000000000e+05
1.356340000000000000e+05
1.356350000000000000e+05
1.356650000000000000e+05
1.356660000000000000e+05
1.356670000000000000e+05
1.418610000000000000e+05
1.419240000000000000e+05
1.424600000000000000e+05
1.424620000000000000e+05
1.424630000000000000e+05
1.425630000000000000e+05
1.425640000000000000e+05
1.425650000000000000e+05
1.425660000000000000e+05
1.425670000000000000e+05
1.425880000000000000e+05
1.425900000000000000e+05
1.425920000000000000e+05
1.425930000000000000e+05
1.426270000000000000e+05
1.426290000000000000e+05
1.426300000000000000e+05
1.426360000000000000e+05
1.426500000000000000e+05
1.426510000000000000e+05
1.426520000000000000e+05
1.426530000000000000e+05
1.426540000000000000e+05
1.426660000000000000e+05
1.426670000000000000e+05
1.426680000000000000e+05
1.426690000000000000e+05
1.426700000000000000e+05
1.427580000000000000e+05
1.427600000000000000e+05
1.428960000000000000e+05
1.429890000000000000e+05
1.429900000000000000e+05
1.430500000000000000e+05
1.430820000000000000e+05
1.431340000000000000e+05
1.431350000000000000e+05
1.431360000000000000e+05
1.431370000000000000e+05
1.431610000000000000e+05
1.431640000000000000e+05
1.431650000000000000e+05
1.432100000000000000e+05
1.432110000000000000e+05
1.440110000000000000e+05
1.445810000000000000e+05
1.446040000000000000e+05
1.446050000000000000e+05
1.450770000000000000e+05
1.450820000000000000e+05
1.450840000000000000e+05
1.543760000000000000e+05
1.543770000000000000e+05
1.543780000000000000e+05
1.545900000000000000e+05
1.545910000000000000e+05
