3.889700000000000000e+04 9.950965327946654781e-01 4.857442027766328829e-02
3.889800000000000000e+04 9.663894661276102305e-01 1.355460595308937144e-01
3.893000000000000000e+04 9.280078291269794333e-01 -3.589587122312912909e-02
3.893100000000000000e+04 1.097589878121191020e+00 -1.361115662537240416e-02
3.893200000000000000e+04 8.951353092502336573e-01 9.554991826978970204e-02
3.895900000000000000e+04 1.056189391511035858e+00 -1.256246979595537772e-02
3.896000000000000000e+04 9.628903918001019413e-01 8.671365704031086530e-02
3.896100000000000000e+04 1.092182665292323440e+00 -1.019178934922402024e-01
3.896200000000000000e+04 1.093908365452246567e+00 9.557170058040588556e-02
4.537800000000000000e+04 1.048832831212316963e+00 -2.128990006268767846e-02
4.544500000000000000e+04 1.022764380956428187e+00 -1.733281161215896593e-01
4.544600000000000000e+04 1.072225960061678141e+00 -1.092012867550719163e-01
4.544700000000000000e+04 1.082733584785935177e+00 -3.003805579550378191e-02
4.544800000000000000e+04 1.037826928160383133e+00 -8.835690188247884158e-02
4.544900000000000000e+04 9.615048664306439230e-01 5.238431479344209801e-02
4.546600000000000000e+04 9.504568630470425772e-01 -6.806165183001759017e-03
4.546700000000000000e+04 1.009395241058251624e+00 -9.156553548575714629e-02
4.546800000000000000e+04 9.660164122907706208e-01 -3.485371132758775803e-02
4.546900000000000000e+04 1.049735110399619087e+00 -3.686891539135751794e-02
4.547000000000000000e+04 9.818888645079023592e-01 -9.986033289595422358e-02
4.547100000000000000e+04 1.063064308109617606e+00 8.761608075673587778e-03
4.547200000000000000e+04 9.868969191609865410e-01 -3.676044658025283407e-02
4.548700000000000000e+04 1.081018799442867717e+00 8.671448850124463537e-02
4.548800000000000000e+04 9.754516579734798798e-01 -1.531325892103377606e-01
4.548900000000000000e+04 9.912613158866100393e-01 -9.119358368355574840e-02
4.549000000000000000e+04 1.085917247405306929e+00 -7.515031768664723333e-02
4.549100000000000000e+04 1.041964659153739259e+00 -1.539802531488878579e-01
4.549200000000000000e+04 9.438182239101086113e-01 -6.186841138028325096e-03
4.549300000000000000e+04 1.138469694512291408e+00 -8.941972459396689554e-02
4.702700000000000000e+04 1.141168968676129936e+00 -1.226484275845943356e-01
4.702800000000000000e+04 9.654162967956487762e-01 -8.586311828937437385e-02
4.702900000000000000e+04 1.011430872382810708e+00 -7.142911669887103132e-02
4.703000000000000000e+04 1.035555925143632372e+00 -9.780391953648116810e-02
4.703100000000000000e+04 1.055755293186936061e+00 -1.091649885857567392e-01
4.703200000000000000e+04 9.655694572177915269e-01 -4.670251894494504424e-02
4.703300000000000000e+04 1.128132999192742458e+00 1.002030508751213800e-01
4.703400000000000000e+04 1.102438870838097440e+00 -6.861523707572433906e-02
4.706400000000000000e+04 1.037724981936044344e+00 -6.890361407020469120e-02
4.706500000000000000e+04 1.076638537159579911e+00 2.781096919593057867e-02
4.706600000000000000e+04 9.769584391551712210e-01 -2.105013331500016904e-01
5.065300000000000000e+04 1.095560617875491305e+00 -1.461073510948679433e-01
5.065400000000000000e+04 9.049185613521703031e-01 -2.299309297121281404e-01
5.067900000000000000e+04 9.733542763704589040e-01 -1.213261366831310112e-01
5.068000000000000000e+04 8.995509109399718595e-01 -1.018615776112378329e-01
5.068100000000000000e+04 9.063032960513965897e-01 -4.636871323135829254e-02
5.068200000000000000e+04 1.011854482135000177e+00 -3.024477084616430944e-01
5.891100000000000000e+04 1.039070473761040558e+00 -1.126209260176414678e-01
5.891200000000000000e+04 8.100756548607321861e-01 -5.145545122139361105e-02
5.891300000000000000e+04 8.994964765047198663e-01 -3.486290310613780752e-03
5.893300000000000000e+04 9.935707854569042485e-01 8.291211168662215858e-02
5.893400000000000000e+04 1.008380064907829388e+00 -4.335713527461118599e-02
5.893500000000000000e+04 9.450497218539239963e-01 -4.078213384617970783e-02
5.893600000000000000e+04 1.017729526668673889e+00 -4.411763975632342072e-02
6.371300000000000000e+04 8.881723603314645166e-01 -7.804856633169542091e-02
6.375500000000000000e+04 9.336425430499911693e-01 4.874144215646328271e-02
6.378000000000000000e+04 9.174630853163098232e-01 -7.934405733625041202e-02
6.378100000000000000e+04 9.019642060171445541e-01 -4.266487029437113915e-02
6.380500000000000000e+04 1.028363940913107344e+00 7.406132552746327868e-02
6.678400000000000000e+04 1.017576083202577086e+00 -1.093575157438075041e-01
6.678500000000000000e+04 1.008118310271090889e+00 -1.512092958827696287e-01
6.678600000000000000e+04 1.072810023060161821e+00 -3.105913181788876390e-02
6.680300000000000000e+04 9.388265455775930413e-01 -8.633396839688521618e-02
6.709400000000000000e+04 9.594119899421528208e-01 -7.914202146657589587e-02
6.709500000000000000e+04 9.714717930250856837e-01 -8.275292778640165603e-02
6.711300000000000000e+04 9.449572592300069518e-01 2.331003670601791353e-02
6.711400000000000000e+04 9.685233339457254287e-01 -1.118023237751115534e-01
6.716100000000000000e+04 9.105840628619392696e-01 -1.476854739088546628e-02
6.716200000000000000e+04 1.000495416696487005e+00 -1.483021803954717721e-01
6.718900000000000000e+04 9.769025938586515245e-01 1.413357159404286280e-02
6.719000000000000000e+04 9.064468960586277158e-01 -9.244338756859012129e-02
6.721500000000000000e+04 6.735331498388810179e-01 3.442158717434615905e-02
7.424700000000000000e+04 1.112161280775033179e+00 6.300098453147399968e-02
7.425100000000000000e+04 1.013403038025637581e+00 -1.063520099459041995e-01
7.425300000000000000e+04 9.600430626693720049e-01 -4.704216066533046386e-02
7.436800000000000000e+04 1.048758728237409121e+00 -1.795322259194467515e-02
7.437100000000000000e+04 1.141321271616423827e+00 4.625911760763487535e-02
7.437300000000000000e+04 1.036686642923968726e+00 4.927423874391092390e-02
7.437400000000000000e+04 1.098719196116770824e+00 1.348730380326809142e-01
7.437700000000000000e+04 1.090798130395126853e+00 4.236638292507120124e-02
7.437900000000000000e+04 1.019736604293861815e+00 1.763372717175737958e-01
7.438100000000000000e+04 1.021008257349754977e+00 3.928646379513621098e-03
7.438200000000000000e+04 1.064874644380277680e+00 2.800859010567358434e-02
7.438400000000000000e+04 9.897887029792874491e-01 1.084318071357411872e-01
7.438600000000000000e+04 1.032353197762845065e+00 1.249179209750612973e-01
7.438800000000000000e+04 9.935541446423866718e-01 -1.671034004788689992e-02
7.439000000000000000e+04 1.021674189632030494e+00 -2.985385919345633077e-02
7.466400000000000000e+04 9.855779696596462802e-01 1.881789793508087741e-02
7.466600000000000000e+04 9.059138888231996756e-01 -1.913182606721436363e-02
7.728400000000000000e+04 8.510560171939900442e-01 -3.668303714517471420e-02
7.728700000000000000e+04 8.494939578875740915e-01 -1.073549254491534821e-01
