2.054900000000000000e+04 9.536223846450269104e-01 -9.398699401574171428e-03
2.055000000000000000e+04 1.170505169346835572e+00 -1.610962922568022482e-01
2.055100000000000000e+04 5.532489465970505949e-01 -1.735551637217501164e-01
2.055200000000000000e+04 1.023694599221579349e+00 -8.303002055756496247e-02
2.055300000000000000e+04 9.099901860640609019e-01 -7.596218235402905916e-02
2.055400000000000000e+04 4.853347688588881548e-01 -2.141660727908303863e-01
2.056700000000000000e+04 1.175795435555536450e+00 -5.947269702019777199e-03
2.056800000000000000e+04 6.799976443484877509e-01 -2.838207683281410709e-01
2.057200000000000000e+04 8.752255628257653575e-01 -1.180241062824169962e-01
2.057300000000000000e+04 4.954877252648284824e-01 -3.432020593884917425e-01
2.058000000000000000e+04 1.026147763019347847e+00 -1.666906975826410592e-02
2.058100000000000000e+04 1.155547256966548142e+00 -4.277529331620264635e-02
2.058200000000000000e+04 1.140398573614623379e+00 -5.379720453191348672e-02
2.058300000000000000e+04 1.079575512524202585e+00 -7.712019540534681417e-02
2.058400000000000000e+04 4.554850246833339611e-01 -1.623196030954076330e-01
2.059600000000000000e+04 1.041704187414914440e+00 -7.633615252293476927e-02
2.059700000000000000e+04 1.268863339882372099e+00 -1.069203815597856294e-01
2.059800000000000000e+04 6.354512406160042204e-01 -6.959286423828039969e-02
2.060800000000000000e+04 4.466752808173208300e-01 -1.925076061862062149e-01
2.060900000000000000e+04 8.455405056813493081e-01 -2.325916744610882214e-01
2.092200000000000000e+04 6.795535380402000225e-01 -3.816680633266415490e-01
2.092300000000000000e+04 1.098554174895000513e+00 -5.622876289129944555e-02
2.092400000000000000e+04 9.279779452320715549e-01 -2.119295870813745486e-01
2.092500000000000000e+04 4.688599423703694868e-01 -2.574073933485261367e-01
2.096800000000000000e+04 1.032319714499088104e+00 -1.841149754304776537e-02
2.099800000000000000e+04 1.018121177193338056e+00 1.446968987454586020e-02
2.099900000000000000e+04 8.427965369414618380e-01 -9.162269274211169712e-02
2.100600000000000000e+04 9.761853724025449930e-01 2.013632526685701918e-01
2.100700000000000000e+04 5.849642288023111369e-01 7.066496187065236800e-02
2.101600000000000000e+04 7.235286652887468195e-01 1.646022944365631291e-01
2.101700000000000000e+04 3.818245529335138611e-01 -1.839745834531909263e-01
2.102700000000000000e+04 9.288653693280545243e-01 1.695453811274541533e-02
2.102800000000000000e+04 9.744338552624168814e-01 -9.290987900031300040e-03
2.114600000000000000e+04 8.980492822696618527e-01 7.969305228588449697e-02
2.114700000000000000e+04 8.355143818061557814e-01 1.238283811981648747e-01
2.114800000000000000e+04 3.667944167441333225e-01 5.419716533539536280e-02
2.114900000000000000e+04 9.425027829614072150e-01 6.509733624921651418e-02
2.116500000000000000e+04 7.641656626780854999e-01 2.228644711359820951e-01
2.116600000000000000e+04 7.666959672413055094e-01 1.657683753086612866e-01
2.116700000000000000e+04 4.269238416516528134e-01 -6.305077371475617531e-02
2.116800000000000000e+04 8.616109117311989696e-01 1.331669738817653492e-01
2.124500000000000000e+04 8.898455318327187502e-01 1.815229691875608342e-02
2.124600000000000000e+04 6.389418623543842157e-01 -1.094204894203893580e-01
2.127500000000000000e+04 8.626259362187490565e-01 -2.991472209323723166e-02
2.127600000000000000e+04 8.954959340704105042e-01 -7.443612703695728916e-02
2.134700000000000000e+04 9.182649751425220330e-01 2.122073984542478808e-02
2.134800000000000000e+04 9.574526536717339331e-01 -1.415974318214753905e-02
2.134900000000000000e+04 9.112438012297701118e-01 9.054423801994367083e-02
2.135000000000000000e+04 9.294377647725566849e-01 3.353956826472766217e-02
2.137200000000000000e+04 9.506861548560051611e-01 1.434651283219113282e-01
2.137300000000000000e+04 7.127637446852477243e-01 9.179549036081227631e-02
2.137600000000000000e+04 1.035452207821807580e+00 8.247606300248382094e-02
2.137700000000000000e+04 9.917718369865469175e-01 1.247146393043077339e-01
2.138900000000000000e+04 9.117174775084428973e-01 9.287467634250598514e-02
2.139000000000000000e+04 7.187709227764443876e-01 1.296541572336811776e-01
2.145200000000000000e+04 9.140867638778447102e-01 1.305629430204302208e-02
2.145300000000000000e+04 1.028454425030064900e+00 8.565201893162087410e-03
2.146300000000000000e+04 9.574517320151907374e-01 -1.343051399004301649e-01
2.146400000000000000e+04 1.007965454307079955e+00 -4.411665535972790486e-02
2.149100000000000000e+04 7.563226881771965004e-01 -7.464155672104423600e-02
2.149200000000000000e+04 9.174739475267659206e-01 7.972487059072314031e-02
2.149300000000000000e+04 9.338525399294039797e-01 5.609811479624936259e-02
2.149600000000000000e+04 9.794309598236550229e-01 8.017796684676888747e-03
2.150800000000000000e+04 4.544608164983500731e-01 -1.432486014825676002e-01
2.186200000000000000e+04 1.015841266698495504e+00 -5.601627485914138782e-02
2.186300000000000000e+04 1.104261541519562240e+00 2.118309837091324720e-03
2.187200000000000000e+04 1.110124670197314867e+00 1.881471438141055913e-02
2.187300000000000000e+04 1.280537120037212651e+00 -2.510714995330393107e-02
2.187400000000000000e+04 9.629715853335442111e-01 1.842472027352676234e-01
2.187600000000000000e+04 1.159399765455224829e+00 1.840772977445066794e-01
2.189400000000000000e+04 9.825657753856423815e-01 -7.925907800743869913e-02
2.189500000000000000e+04 3.494747566018139850e-01 -6.885361713753826440e-02
2.190900000000000000e+04 3.174938821303467940e-01 -4.740537021727473516e-02
2.191000000000000000e+04 6.240654848151950818e-01 8.531675494685304895e-02
2.533000000000000000e+04 1.014697888851586294e+00 -8.028288006934719556e-02
2.534900000000000000e+04 1.013301574707602848e+00 -9.600491105964963426e-03
2.535000000000000000e+04 1.121533353722994564e+00 -1.380957968780980316e-01
2.535300000000000000e+04 1.002508226201176189e+00 1.249947313572263019e-01
2.537900000000000000e+04 1.073614380192505102e+00 6.402595965799760813e-02
2.538000000000000000e+04 1.127390103342158723e+00 1.382767158325224482e-02
2.540200000000000000e+04 1.003458625128009318e+00 7.160968390039769427e-02
2.540300000000000000e+04 8.822337151525118104e-01 -7.607386811833900808e-02
2.540400000000000000e+04 1.049630390074251407e+00 -6.933340717914572571e-02
2.540500000000000000e+04 1.097659972322748700e+00 -1.833141961094769332e-02
2.607800000000000000e+04 1.261310838288874470e+00 -5.572020008208356315e-03
2.607900000000000000e+04 1.194632009195166766e+00 -4.128475722037910911e-02
2.608000000000000000e+04 1.180754794172297117e+00 -1.805317637151127724e-02
2.608100000000000000e+04 1.149779486690590380e+00 4.469618803889003483e-02
2.608200000000000000e+04 1.058436762011211840e+00 -7.601497598796619348e-02
2.608300000000000000e+04 1.107254183127152958e+00 -7.159521144858070271e-03
2.608400000000000000e+04 1.150066317463217080e+00 1.644976954351150874e-03
2.608500000000000000e+04 1.089926481363551192e+00 2.583298842216004421e-02
2.608600000000000000e+04 1.083221592048914994e+00 5.752854576409666132e-02
2.608700000000000000e+04 1.217256386960701819e+00 -9.742062969011643092e-02
2.608800000000000000e+04 1.107573529003165858e+00 -9.906356100793700659e-02
2.609000000000000000e+04 1.144893075996869403e+00 -2.777533186492255231e-03
2.609100000000000000e+04 1.092662725984930416e+00 7.663430690765035691e-02
2.610400000000000000e+04 1.023263807931700464e+00 -1.677508806181523052e-02
2.610500000000000000e+04 1.033915445538272637e+00 6.566345378510973774e-03
2.610600000000000000e+04 1.028456917970578255e+00 1.981931406042930152e-02
2.610700000000000000e+04 1.035130062693679243e+00 9.778599422400564845e-02
2.610800000000000000e+04 1.089729294451650565e+00 -1.036876459776681220e-01
2.610900000000000000e+04 1.045724248079443308e+00 -8.801586719888572496e-02
2.611000000000000000e+04 9.773457447089023420e-01 2.651520513095794937e-02
2.611100000000000000e+04 1.064173543096356145e+00 2.564683600098172436e-02
2.611200000000000000e+04 1.049519447043954390e+00 5.529461341380402517e-02
2.611400000000000000e+04 1.086588614198407354e+00 -5.316735887819453582e-02
2.611500000000000000e+04 1.125605123375895023e+00 -9.662024799030222155e-03
2.611600000000000000e+04 9.733004806585061619e-01 1.127152055351424986e-01
2.678900000000000000e+04 1.046269469970374066e+00 -1.169341527306947820e-01
2.679000000000000000e+04 1.117359324533251375e+00 1.675065767153332413e-02
2.681000000000000000e+04 1.084052928218758982e+00 -1.292876757793434417e-01
2.681100000000000000e+04 1.044269845711234712e+00 -1.055659952960958103e-01
2.681200000000000000e+04 1.077307186629215208e+00 6.178745397755986551e-02
2.681300000000000000e+04 1.053643474166438443e+00 3.479758872259244851e-02
2.737600000000000000e+04 1.105336648890184792e+00 -9.194249483167769854e-02
2.749800000000000000e+04 1.048940813773088676e+00 2.216756480522207376e-03
2.749900000000000000e+04 1.016699344229875734e+00 -1.365285414441127221e-01
2.750000000000000000e+04 1.084943687852558236e+00 1.394631657859937701e-01
2.750100000000000000e+04 1.001240996713366194e+00 -1.217384813583479719e-01
2.750200000000000000e+04 9.273236236437097935e-01 8.698316921373477895e-02
2.750300000000000000e+04 1.126229988025119422e+00 2.039162187455642941e-02
2.750400000000000000e+04 1.018238110753106218e+00 6.760895725962680347e-02
2.750500000000000000e+04 1.026772628664210041e+00 1.805475690540645495e-01
2.750600000000000000e+04 1.084260354598847842e+00 8.399834698389237186e-02
2.750700000000000000e+04 1.027432845302318487e+00 -2.148208065132028305e-02
2.753500000000000000e+04 9.721078698260599005e-01 -8.582568675064024266e-03
2.753600000000000000e+04 9.512522391837815450e-01 -1.582313430298669665e-01
2.753700000000000000e+04 1.035029352299134509e+00 1.669475150100523386e-01
2.753900000000000000e+04 1.069647432339799531e+00 1.183690369450267066e-01
2.754000000000000000e+04 9.785855406911270205e-01 6.946765219540441960e-02
2.754100000000000000e+04 9.590235651987035759e-01 8.030264099737305372e-02
2.754200000000000000e+04 1.098137679957786883e+00 4.813000588461484319e-02
2.754300000000000000e+04 1.097573539229232287e+00 1.258812057632783532e-01
2.754400000000000000e+04 9.682220878441103462e-01 -5.847259754404936921e-02
2.754500000000000000e+04 9.920424771277662757e-01 -8.555706446628108530e-02
2.754600000000000000e+04 8.658906501116605536e-01 -1.484757302152176217e-01
2.756600000000000000e+04 1.091311487859840668e+00 -1.586971336542061795e-02
2.756700000000000000e+04 1.168839577951000352e+00 1.380004598068711452e-01
2.756800000000000000e+04 1.019357158246228190e+00 -3.169326321925694523e-03
2.756900000000000000e+04 1.142153130507795655e+00 9.350823484069709091e-02
2.757000000000000000e+04 1.057948441247795524e+00 1.438909918916316255e-01
2.757100000000000000e+04 1.139921642424310377e+00 1.343176843953494681e-02
2.757200000000000000e+04 1.042296034294807994e+00 3.858618763358478976e-02
2.757300000000000000e+04 1.138499320933856751e+00 -3.910947465432151188e-02
2.757400000000000000e+04 1.104879327908761200e+00 -5.184258644744275252e-02
