2.757500000000000000e+04 1.144521559057096960e+00 1.250897517194247133e-01
2.757600000000000000e+04 8.727961022731781648e-01 1.204474281761109059e-02
2.757700000000000000e+04 9.959828086882591691e-01 -1.600039620287205810e-01
2.759200000000000000e+04 1.063491920080827269e+00 -9.885480251090253412e-02
2.759300000000000000e+04 1.080149747727637166e+00 8.453522380352136711e-02
2.759400000000000000e+04 1.069066645220750011e+00 1.394041854268975311e-01
2.759500000000000000e+04 1.139058839838123172e+00 -3.431919012224057819e-02
2.760000000000000000e+04 1.068442307913387124e+00 1.463676666227296808e-01
2.760100000000000000e+04 1.184422206372764297e+00 -4.369693961031411583e-02
2.760200000000000000e+04 1.002723772457404516e+00 3.861927647988400852e-02
2.760300000000000000e+04 1.063829495850888263e+00 -1.477716553270778388e-01
2.760400000000000000e+04 9.896156250209435790e-01 -6.386515588707390723e-02
2.760600000000000000e+04 9.574470818790022930e-01 -1.135055875962192179e-01
2.762500000000000000e+04 1.055669567287333521e+00 2.193571046114129452e-01
2.762600000000000000e+04 1.036210159013754684e+00 1.555031864686584608e-01
2.762700000000000000e+04 1.066411269378367610e+00 7.512977371338162152e-03
2.762800000000000000e+04 1.061191064870515399e+00 8.824143400621137223e-02
2.762900000000000000e+04 1.179921626505340715e+00 2.086455387231556102e-02
2.763000000000000000e+04 1.164616986002547705e+00 1.908982152824945100e-02
2.763100000000000000e+04 1.118379871844140894e+00 1.695749587256191460e-01
2.763200000000000000e+04 1.156506218804528752e+00 -3.881752668600821354e-02
2.763300000000000000e+04 9.659217099681084440e-01 -1.517428215642154521e-01
2.763400000000000000e+04 1.085382719552866915e+00 -1.295713719382299116e-02
2.763500000000000000e+04 1.009302968687587398e+00 -1.238574378339706433e-01
2.763600000000000000e+04 1.012993788387376304e+00 -9.243456813309959552e-02
2.763700000000000000e+04 8.143496885459396983e-01 -1.130565310485239089e-01
2.766200000000000000e+04 1.164892656583026209e+00 5.158418918471773668e-02
2.766300000000000000e+04 1.117520566114013736e+00 3.281352146993518626e-02
2.766400000000000000e+04 1.105745922009048643e+00 9.051018339269016610e-02
2.766500000000000000e+04 8.635302346534587947e-01 4.525397163892409813e-02
2.766600000000000000e+04 1.076231065651035435e+00 6.037668263190779788e-02
2.766700000000000000e+04 9.947252859178310480e-01 4.682286835370507057e-03
2.766800000000000000e+04 1.068334228030766830e+00 -8.770589432440900612e-02
2.766900000000000000e+04 9.061900496183229459e-01 7.844498522815868818e-03
2.767000000000000000e+04 9.261538064577645724e-01 -1.066896273972585824e-01
2.767100000000000000e+04 9.029298396597417176e-01 -1.610119113458163276e-01
2.812700000000000000e+04 9.228526399637630995e-01 1.194797153557793645e-01
2.812800000000000000e+04 1.078766314714183272e+00 -1.589460521907976043e-02
2.812900000000000000e+04 9.870759866930532977e-01 6.752171208848493922e-02
2.816700000000000000e+04 8.459487186459810903e-01 1.533493778788427297e-01
2.816800000000000000e+04 1.069104193687958393e+00 7.605964763612257928e-02
2.816900000000000000e+04 9.672090974564264698e-01 8.651751335997287518e-02
3.313500000000000000e+04 1.026155459777779555e+00 -2.286379056056000725e-01
3.313600000000000000e+04 9.835251356602975337e-01 -4.811807750934059269e-03
3.313700000000000000e+04 9.929301260848593103e-01 -8.252679234565352129e-02
3.313800000000000000e+04 1.023014413947312962e+00 -4.872253883512681766e-02
3.315900000000000000e+04 1.013428009752269876e+00 2.250894657187547249e-03
3.316000000000000000e+04 1.032724353681842011e+00 6.683614107006251304e-02
3.316100000000000000e+04 1.032589462161753735e+00 5.957208614697959842e-02
3.316200000000000000e+04 1.089618832409281257e+00 -7.952848959365774184e-02
3.320700000000000000e+04 1.230241971396146106e+00 1.012566191156835660e-01
3.320800000000000000e+04 1.077686070420234232e+00 4.713997533597957812e-02
3.346700000000000000e+04 1.019346099747133083e+00 1.956784266211941681e-02
3.346800000000000000e+04 1.114553481125508227e+00 1.613284826752883760e-02
3.348200000000000000e+04 9.923008161285484796e-01 4.203779865835802210e-02
3.348300000000000000e+04 1.144616842361162012e+00 4.972957652380206178e-02
3.348400000000000000e+04 1.167881437090394936e+00 6.124317728657965865e-02
3.348500000000000000e+04 1.065228300189362765e+00 7.835353641496092814e-02
3.349900000000000000e+04 1.111999223326450181e+00 1.172088568387725793e-01
3.350000000000000000e+04 9.822386802658763516e-01 1.425577239214448899e-01
3.350100000000000000e+04 1.087597868691525749e+00 -3.461834887765030330e-03
3.350200000000000000e+04 1.022828072313264558e+00 2.073385387788869230e-02
3.353600000000000000e+04 1.012623045370719455e+00 -8.804262566914103361e-02
3.414800000000000000e+04 9.793332422589010600e-01 4.547056876903590728e-02
3.418700000000000000e+04 9.408730728549629108e-01 2.310215731138414927e-02
3.420900000000000000e+04 9.532502590380651508e-01 -7.348466245641784023e-02
3.431000000000000000e+04 8.857853150184029634e-01 2.279173811937302840e-01
3.431300000000000000e+04 1.033448808939726682e+00 1.250980839849488158e-01
3.431400000000000000e+04 1.074800008905655968e+00 5.751101025921520615e-02
3.494900000000000000e+04 9.945450492381359142e-01 -3.217772433737081661e-02
3.495000000000000000e+04 1.026751673859462421e+00 -4.100318838897128171e-02
3.495100000000000000e+04 9.223971384899536385e-01 -1.098231778371324685e-01
3.495200000000000000e+04 9.853381286613750456e-01 -1.629528216879359559e-01
3.495300000000000000e+04 9.752834715993089487e-01 -1.903330172300125162e-02
3.497600000000000000e+04 9.346594987077581074e-01 -1.182782395753359667e-01
3.497700000000000000e+04 9.919627793133081184e-01 3.367902032531448764e-03
3.497800000000000000e+04 1.131191927527584795e+00 4.060932989284499889e-02
3.497900000000000000e+04 1.009519245773232710e+00 -7.819326094711133435e-02
3.500100000000000000e+04 1.023345276423778483e+00 -1.309249422698257823e-02
3.500200000000000000e+04 9.677092012692138923e-01 -9.681798301999446077e-02
3.500300000000000000e+04 1.103577585377185422e+00 -1.018726781296406814e-01
3.883200000000000000e+04 9.975525257700683657e-01 9.091381687255351007e-02
3.883300000000000000e+04 8.420837295119230070e-01 2.759027364765126444e-02
3.883500000000000000e+04 1.009449541038475395e+00 2.700759108878116044e-02
3.886200000000000000e+04 1.072107946556021041e+00 3.951704879623231526e-02
3.886300000000000000e+04 9.057908486807294546e-01 1.578398723497244013e-02
3.886500000000000000e+04 9.421753511466931519e-01 1.422806686699163436e-01
3.889500000000000000e+04 1.032549786961947769e+00 1.115806983192692420e-01
3.889600000000000000e+04 1.027415497831896785e+00 -4.576743913408085757e-02
