8.585600000000000000e+04 9.101758275592596314e-01 1.595196876811918185e-01
8.588500000000000000e+04 1.013989053861027445e+00 -1.320687723638433730e-01
8.588600000000000000e+04 9.412582797488181496e-01 1.323877987893983255e-01
8.591000000000000000e+04 1.003632345697351269e+00 -1.580629347746950741e-02
8.591100000000000000e+04 1.074987340347876463e+00 -1.254198381722247679e-01
8.591200000000000000e+04 1.076788755989659396e+00 1.021448415936574566e-02
8.591300000000000000e+04 1.018511573180504781e+00 -5.800161998685249287e-02
8.591400000000000000e+04 7.736440489504277096e-01 -3.146343031475101748e-02
8.618000000000000000e+04 1.059868732629761334e+00 -3.399706493039608007e-02
8.618200000000000000e+04 1.138186246510893396e+00 -1.270471482546952913e-01
8.618300000000000000e+04 9.560845558807956612e-01 -7.524083746279107421e-02
8.618400000000000000e+04 9.052606857342023750e-01 9.218610600230608965e-02
8.618800000000000000e+04 1.080473078999665049e+00 -9.540491103180013047e-03
8.618900000000000000e+04 1.100658712804756245e+00 -8.846869158189947513e-02
8.619000000000000000e+04 1.057686493382992809e+00 -7.986765138255273733e-02
8.619100000000000000e+04 1.040880811212339330e+00 -4.407566706333469753e-02
8.626300000000000000e+04 9.966166369403922642e-01 -7.626136260123865529e-02
8.626400000000000000e+04 9.715369715664701200e-01 1.130636389407816689e-01
8.626500000000000000e+04 1.103695961289629102e+00 4.036223130615761157e-02
8.647800000000000000e+04 8.183484972161707560e-01 2.128363541139345894e-01
8.722100000000000000e+04 9.493540754294259587e-01 5.377302688595751723e-02
8.722600000000000000e+04 9.817039342630350385e-01 -3.576675568641890512e-02
8.722700000000000000e+04 9.339543284099374176e-01 1.357890608166684512e-02
8.738500000000000000e+04 9.835576325535608788e-01 -4.166010948843595213e-03
8.738700000000000000e+04 9.470741705592741200e-01 2.817387126622209609e-02
8.788700000000000000e+04 7.907099424869152848e-01 1.911561362829871935e-01
8.789100000000000000e+04 8.468216607521826811e-01 -4.907061256630491919e-02
8.832100000000000000e+04 7.976297667823999404e-01 -5.675393376286029523e-02
8.832200000000000000e+04 8.699551575908289758e-01 -1.487463270499993218e-01
8.832300000000000000e+04 8.812640512843478158e-01 -1.768156578449720309e-03
8.832400000000000000e+04 1.046007691118328475e+00 8.368242446190037043e-02
8.938100000000000000e+04 9.522974369409922257e-01 3.933588671823456950e-02
8.938200000000000000e+04 1.054349761932142027e+00 1.070630615673261003e-02
8.941900000000000000e+04 5.787928939408389928e-01 8.477046847209580849e-02
8.952100000000000000e+04 9.377551933917576132e-01 -7.932476674301429734e-03
9.324300000000000000e+04 1.017877439512115734e+00 4.471484451545430783e-04
9.346100000000000000e+04 9.638013471993055470e-01 1.191409297807839301e-01
9.346200000000000000e+04 1.030652646740615408e+00 -9.204189986078292751e-02
9.346300000000000000e+04 1.041220874212139602e+00 -3.638853959818607459e-02
9.346400000000000000e+04 9.948463199591497386e-01 8.563003921219604353e-02
9.346500000000000000e+04 9.991148001899171627e-01 -1.182774312254594729e-02
9.352900000000000000e+04 1.036629921966300438e+00 4.823163892415043702e-02
9.353000000000000000e+04 1.175742087633904864e+00 -3.440213765607471469e-02
9.353100000000000000e+04 1.090304737855337658e+00 7.860326907576096686e-03
9.353200000000000000e+04 1.113153608920814941e+00 -5.088363108348938763e-02
9.353300000000000000e+04 1.123008078891463590e+00 -4.975285225183900123e-02
9.442100000000000000e+04 9.375264265732810021e-01 8.905112585760138755e-02
9.442200000000000000e+04 1.004036485603276851e+00 -1.095959683433640891e-01
9.453600000000000000e+04 1.114472762971164599e+00 -2.855231742250921231e-02
9.453700000000000000e+04 9.912842434162296712e-01 -8.411493161510161243e-02
9.510100000000000000e+04 9.462589161353008871e-01 2.264622200950639277e-02
9.510200000000000000e+04 1.047537711199037602e+00 -4.550519966100988883e-02
9.523500000000000000e+04 9.961371308800526236e-01 -3.360265104600855535e-02
9.523600000000000000e+04 9.912959082355158325e-01 5.334693153169570157e-02
9.523700000000000000e+04 1.009521272200914366e+00 1.289068133082182412e-02
9.535600000000000000e+04 1.076268665160453608e+00 -9.000336025687648289e-02
9.535700000000000000e+04 1.000259561334093883e+00 -8.896155600973204569e-02
9.535800000000000000e+04 1.039134407219646894e+00 -1.164115397278909503e-01
9.539800000000000000e+04 9.674039367122930777e-01 1.238386154306544626e-02
9.539900000000000000e+04 1.013267529458083738e+00 1.079172048625716279e-01
9.540100000000000000e+04 9.737106842935802087e-01 -3.959616859404253147e-02
9.540200000000000000e+04 1.047880188212583663e+00 -7.433382202315967462e-03
9.542700000000000000e+04 9.673411656721432328e-01 -9.100908052101740198e-02
9.542800000000000000e+04 1.012352634121810535e+00 -7.767036320718950781e-02
9.542900000000000000e+04 9.881209416877125840e-01 2.914744091727769146e-02
9.543000000000000000e+04 1.037712262010699993e+00 7.624594323044826816e-02
9.543200000000000000e+04 1.140859331935752508e+00 7.412656582664446658e-02
9.543300000000000000e+04 1.020125256336703146e+00 -1.214740476968007368e-02
9.543400000000000000e+04 1.214064156014257545e+00 7.247304459462118598e-02
9.599400000000000000e+04 9.465127298509991016e-01 1.639507241603930243e-01
9.615100000000000000e+04 9.690850170164809763e-01 5.862670229725499421e-02
9.615200000000000000e+04 7.993001940202766331e-01 2.093825381542757311e-02
9.627200000000000000e+04 9.338097873122866988e-01 -1.634292844031248471e-01
9.639000000000000000e+04 9.604510687168453797e-01 3.654538127042789714e-02
9.639100000000000000e+04 9.451963096219451188e-01 -7.774265084530235237e-02
9.639200000000000000e+04 9.241710038077725065e-01 -7.097171304697964811e-02
9.662500000000000000e+04 8.905282757508725666e-01 1.837599951299498727e-02
9.662600000000000000e+04 7.880699127690993233e-01 5.792551865401839029e-02
9.716500000000000000e+04 8.940641006832230619e-01 -5.925352324537984383e-02
9.716600000000000000e+04 9.469918181332451779e-01 -7.880053207505051394e-02
9.739400000000000000e+04 9.609323594739169749e-01 -1.028469423474785011e-01
9.739500000000000000e+04 9.499243505367163110e-01 -4.199425613487526437e-02
1.059790000000000000e+05 9.456373570426069852e-01 -3.379971058535426176e-02
1.059810000000000000e+05 9.571904766608404502e-01 1.799267281288029763e-01
1.059830000000000000e+05 1.011297905443528711e+00 3.348898436381390203e-02
1.059850000000000000e+05 1.010144751407554109e+00 1.190539381018085874e-01
1.060520000000000000e+05 8.593512358912164251e-01 1.000968453337769265e-01
1.060570000000000000e+05 7.835162326450518799e-01 1.041404816054712773e-01
1.062440000000000000e+05 8.712453398695354512e-01 1.189589882654537717e-01
1.062450000000000000e+05 8.540709760356760549e-01 9.930250937233950359e-02
1.062460000000000000e+05 9.912859863340897082e-01 -1.149512475461960948e-01
1.062470000000000000e+05 9.492171210360043077e-01 6.686238881933556644e-02
1.063020000000000000e+05 8.457519457587726608e-01 1.152687924363776234e-01
1.063030000000000000e+05 9.770595951751750441e-01 -4.791148113502010503e-02
1.063040000000000000e+05 1.049099619810680784e+00 1.661521307585676205e-02
1.063050000000000000e+05 9.948630859995735154e-01 -2.452274650532370454e-02
1.063060000000000000e+05 9.830212214144402605e-01 -1.993641735092519830e-03
1.063070000000000000e+05 1.067699059227110059e+00 -2.572842640756473065e-02
1.063560000000000000e+05 7.912799618231056709e-01 1.246239182825756714e-01
1.063580000000000000e+05 7.033847797983175942e-01 1.614557817023435857e-02
1.063590000000000000e+05 1.036057775069859632e+00 -6.764443772444388159e-02
