8.585600000000000000e+04
8.588500000000000000e+04
8.588600000000000000e+04
8.591000000000000000e+04
8.591100000000000000e+04
8.591200000000000000e+04
8.591300000000000000e+04
8.591400000000000000e+04
8.618000000000000000e+04
8.618200000000000000e+04
8.618300000000000000e+04
8.618400000000000000e+04
8.618800000000000000e+04
8.618900000000000000e+04
8.619000000000000000e+04
8.619100000000000000e+04
8.626300000000000000e+04
8.626400000000000000e+04
8.626500000000000000e+04
8.647800000000000000e+04
8.722100000000000000e+04
8.722600000000000000e+04
8.722700000000000000e+04
8.738500000000000000e+04
8.738700000000000000e+04
8.788700000000000000e+04
8.789100000000000000e+04
8.832100000000000000e+04
8.832200000000000000e+04
8.832300000000000000e+04
8.832400000000000000e+04
8.938100000000000000e+04
8.938200000000000000e+04
8.941900000000000000e+04
8.952100000000000000e+04
9.324300000000000000e+04
9.346100000000000000e+04
9.346200000000000000e+04
9.346300000000000000e+04
9.346400000000000000e+04
9.346500000000000000e+04
9.352900000000000000e+04
9.353000000000000000e+04
9.353100000000000000e+04
9.353200000000000000e+04
9.353300000000000000e+04
9.442100000000000000e+04
9.442200000000000000e+04
9.453600000000000000e+04
9.453700000000000000e+04
9.510100000000000000e+04
9.510200000000000000e+04
9.523500000000000000e+04
9.523600000000000000e+04
9.523700000000000000e+04
9.535600000000000000e+04
9.535700000000000000e+04
9.535800000000000000e+04
9.539800000000000000e+04
9.539900000000000000e+04
9.540100000000000000e+04
9.540200000000000000e+04
9.542700000000000000e+04
9.542800000000000000e+04
9.542900000000000000e+04
9.543000000000000000e+04
9.543200000000000000e+04
9.543300000000000000e+04
9.543400000000000000e+04
9.599400000000000000e+04
9.615100000000000000e+04
9.615200000000000000e+04
9.627200000000000000e+04
9.639000000000000000e+04
9.639100000000000000e+04
9.639200000000000000e+04
9.662500000000000000e+04
9.662600000000000000e+04
9.716500000000000000e+04
9.716600000000000000e+04
9.739400000000000000e+04
9.739500000000000000e+04
1.059790000000000000e+05
1.059810000000000000e+05
1.059830000000000000e+05
1.059850000000000000e+05
1.060520000000000000e+05
1.060570000000000000e+05
1.062440000000000000e+05
1.062450000000000000e+05
1.062460000000000000e+05
1.062470000000000000e+05
1.063020000000000000e+05
1.063030000000000000e+05
1.063040000000000000e+05
1.063050000000000000e+05
1.063060000000000000e+05
1.063070000000000000e+05
1.063560000000000000e+05
1.063580000000000000e+05
1.063590000000000000e+05
