3.889700000000000000e+04
3.889800000000000000e+04
3.893000000000000000e+04
3.893100000000000000e+04
3.893200000000000000e+04
3.895900000000000000e+04
3.896000000000000000e+04
3.896100000000000000e+04
3.896200000000000000e+04
4.537800000000000000e+04
4.544500000000000000e+04
4.544600000000000000e+04
4.544700000000000000e+04
4.544800000000000000e+04
4.544900000000000000e+04
4.546600000000000000e+04
4.546700000000000000e+04
4.546800000000000000e+04
4.546900000000000000e+04
4.547000000000000000e+04
4.547100000000000000e+04
4.547200000000000000e+04
4.548700000000000000e+04
4.548800000000000000e+04
4.548900000000000000e+04
4.549000000000000000e+04
4.549100000000000000e+04
4.549200000000000000e+04
4.549300000000000000e+04
4.702700000000000000e+04
4.702800000000000000e+04
4.702900000000000000e+04
4.703000000000000000e+04
4.703100000000000000e+04
4.703200000000000000e+04
4.703300000000000000e+04
4.703400000000000000e+04
4.706400000000000000e+04
4.706500000000000000e+04
4.706600000000000000e+04
5.065300000000000000e+04
5.065400000000000000e+04
5.067900000000000000e+04
5.068000000000000000e+04
5.068100000000000000e+04
5.068200000000000000e+04
5.891100000000000000e+04
5.891200000000000000e+04
5.891300000000000000e+04
5.893300000000000000e+04
5.893400000000000000e+04
5.893500000000000000e+04
5.893600000000000000e+04
6.371300000000000000e+04
6.375500000000000000e+04
6.378000000000000000e+04
6.378100000000000000e+04
6.380500000000000000e+04
6.678400000000000000e+04
6.678500000000000000e+04
6.678600000000000000e+04
6.680300000000000000e+04
6.709400000000000000e+04
6.709500000000000000e+04
6.711300000000000000e+04
6.711400000000000000e+04
6.716100000000000000e+04
6.716200000000000000e+04
6.718900000000000000e+04
6.719000000000000000e+04
6.721500000000000000e+04
7.424700000000000000e+04
7.425100000000000000e+04
7.425300000000000000e+04
7.436800000000000000e+04
7.437100000000000000e+04
7.437300000000000000e+04
7.437400000000000000e+04
7.437700000000000000e+04
7.437900000000000000e+04
7.438100000000000000e+04
7.438200000000000000e+04
7.438400000000000000e+04
7.438600000000000000e+04
7.438800000000000000e+04
7.439000000000000000e+04
7.466400000000000000e+04
7.466600000000000000e+04
7.728400000000000000e+04
7.728700000000000000e+04
