2.757500000000000000e+04
2.757600000000000000e+04
2.757700000000000000e+04
2.759200000000000000e+04
2.759300000000000000e+04
2.759400000000000000e+04
2.759500000000000000e+04
2.760000000000000000e+04
2.760100000000000000e+04
2.760200000000000000e+04
2.760300000000000000e+04
2.760400000000000000e+04
2.760600000000000000e+04
2.762500000000000000e+04
2.762600000000000000e+04
2.762700000000000000e+04
2.762800000000000000e+04
2.762900000000000000e+04
2.763000000000000000e+04
2.763100000000000000e+04
2.763200000000000000e+04
2.763300000000000000e+04
2.763400000000000000e+04
2.763500000000000000e+04
2.763600000000000000e+04
2.763700000000000000e+04
2.766200000000000000e+04
2.766300000000000000e+04
2.766400000000000000e+04
2.766500000000000000e+04
2.766600000000000000e+04
2.766700000000000000e+04
2.766800000000000000e+04
2.766900000000000000e+04
2.767000000000000000e+04
2.767100000000000000e+04
2.812700000000000000e+04
2.812800000000000000e+04
2.812900000000000000e+04
2.816700000000000000e+04
2.816800000000000000e+04
2.816900000000000000e+04
3.313500000000000000e+04
3.313600000000000000e+04
3.313700000000000000e+04
3.313800000000000000e+04
3.315900000000000000e+04
3.316000000000000000e+04
3.316100000000000000e+04
3.316200000000000000e+04
3.320700000000000000e+04
3.320800000000000000e+04
3.346700000000000000e+04
3.346800000000000000e+04
3.348200000000000000e+04
3.348300000000000000e+04
3.348400000000000000e+04
3.348500000000000000e+04
3.349900000000000000e+04
3.350000000000000000e+04
3.350100000000000000e+04
3.350200000000000000e+04
3.353600000000000000e+04
3.414800000000000000e+04
3.418700000000000000e+04
3.420900000000000000e+04
3.431000000000000000e+04
3.431300000000000000e+04
3.431400000000000000e+04
3.494900000000000000e+04
3.495000000000000000e+04
3.495100000000000000e+04
3.495200000000000000e+04
3.495300000000000000e+04
3.497600000000000000e+04
3.497700000000000000e+04
3.497800000000000000e+04
3.497900000000000000e+04
3.500100000000000000e+04
3.500200000000000000e+04
3.500300000000000000e+04
3.883200000000000000e+04
3.883300000000000000e+04
3.883500000000000000e+04
3.886200000000000000e+04
3.886300000000000000e+04
3.886500000000000000e+04
3.889500000000000000e+04
3.889600000000000000e+04
