2.054900000000000000e+04
2.055000000000000000e+04
2.055100000000000000e+04
2.055200000000000000e+04
2.055300000000000000e+04
2.055400000000000000e+04
2.056700000000000000e+04
2.056800000000000000e+04
2.057200000000000000e+04
2.057300000000000000e+04
2.058000000000000000e+04
2.058100000000000000e+04
2.058200000000000000e+04
2.058300000000000000e+04
2.058400000000000000e+04
2.059600000000000000e+04
2.059700000000000000e+04
2.059800000000000000e+04
2.060800000000000000e+04
2.060900000000000000e+04
2.092200000000000000e+04
2.092300000000000000e+04
2.092400000000000000e+04
2.092500000000000000e+04
2.096800000000000000e+04
2.099800000000000000e+04
2.099900000000000000e+04
2.100600000000000000e+04
2.100700000000000000e+04
2.101600000000000000e+04
2.101700000000000000e+04
2.102700000000000000e+04
2.102800000000000000e+04
2.114600000000000000e+04
2.114700000000000000e+04
2.114800000000000000e+04
2.114900000000000000e+04
2.116500000000000000e+04
2.116600000000000000e+04
2.116700000000000000e+04
2.116800000000000000e+04
2.124500000000000000e+04
2.124600000000000000e+04
2.127500000000000000e+04
2.127600000000000000e+04
2.134700000000000000e+04
2.134800000000000000e+04
2.134900000000000000e+04
2.135000000000000000e+04
2.137200000000000000e+04
2.137300000000000000e+04
2.137600000000000000e+04
2.137700000000000000e+04
2.138900000000000000e+04
2.139000000000000000e+04
2.145200000000000000e+04
2.145300000000000000e+04
2.146300000000000000e+04
2.146400000000000000e+04
2.149100000000000000e+04
2.149200000000000000e+04
2.149300000000000000e+04
2.149600000000000000e+04
2.150800000000000000e+04
2.186200000000000000e+04
2.186300000000000000e+04
2.187200000000000000e+04
2.187300000000000000e+04
2.187400000000000000e+04
2.187600000000000000e+04
2.189400000000000000e+04
2.189500000000000000e+04
2.190900000000000000e+04
2.191000000000000000e+04
2.533000000000000000e+04
2.534900000000000000e+04
2.535000000000000000e+04
2.535300000000000000e+04
2.537900000000000000e+04
2.538000000000000000e+04
2.540200000000000000e+04
2.540300000000000000e+04
2.540400000000000000e+04
2.540500000000000000e+04
2.607800000000000000e+04
2.607900000000000000e+04
2.608000000000000000e+04
2.608100000000000000e+04
2.608200000000000000e+04
2.608300000000000000e+04
2.608400000000000000e+04
2.608500000000000000e+04
2.608600000000000000e+04
2.608700000000000000e+04
2.608800000000000000e+04
2.609000000000000000e+04
2.609100000000000000e+04
2.610400000000000000e+04
2.610500000000000000e+04
2.610600000000000000e+04
2.610700000000000000e+04
2.610800000000000000e+04
2.610900000000000000e+04
2.611000000000000000e+04
2.611100000000000000e+04
2.611200000000000000e+04
2.611400000000000000e+04
2.611500000000000000e+04
2.611600000000000000e+04
2.678900000000000000e+04
2.679000000000000000e+04
2.681000000000000000e+04
2.681100000000000000e+04
2.681200000000000000e+04
2.681300000000000000e+04
2.737600000000000000e+04
2.749800000000000000e+04
2.749900000000000000e+04
2.750000000000000000e+04
2.750100000000000000e+04
2.750200000000000000e+04
2.750300000000000000e+04
2.750400000000000000e+04
2.750500000000000000e+04
2.750600000000000000e+04
2.750700000000000000e+04
2.753500000000000000e+04
2.753600000000000000e+04
2.753700000000000000e+04
2.753900000000000000e+04
2.754000000000000000e+04
2.754100000000000000e+04
2.754200000000000000e+04
2.754300000000000000e+04
2.754400000000000000e+04
2.754500000000000000e+04
2.754600000000000000e+04
2.756600000000000000e+04
2.756700000000000000e+04
2.756800000000000000e+04
2.756900000000000000e+04
2.757000000000000000e+04
2.757100000000000000e+04
2.757200000000000000e+04
2.757300000000000000e+04
2.757400000000000000e+04
2.757500000000000000e+04
2.757600000000000000e+04
2.757700000000000000e+04
2.759200000000000000e+04
2.759300000000000000e+04
2.759400000000000000e+04
2.759500000000000000e+04
2.760000000000000000e+04
2.760100000000000000e+04
2.760200000000000000e+04
2.760300000000000000e+04
2.760400000000000000e+04
2.760600000000000000e+04
2.762500000000000000e+04
2.762600000000000000e+04
2.762700000000000000e+04
2.762800000000000000e+04
2.762900000000000000e+04
2.763000000000000000e+04
2.763100000000000000e+04
2.763200000000000000e+04
2.763300000000000000e+04
2.763400000000000000e+04
2.763500000000000000e+04
2.763600000000000000e+04
2.763700000000000000e+04
2.766200000000000000e+04
2.766300000000000000e+04
2.766400000000000000e+04
2.766500000000000000e+04
2.766600000000000000e+04
2.766700000000000000e+04
2.766800000000000000e+04
2.766900000000000000e+04
2.767000000000000000e+04
2.767100000000000000e+04
2.812700000000000000e+04
2.812800000000000000e+04
2.812900000000000000e+04
2.816700000000000000e+04
2.816800000000000000e+04
2.816900000000000000e+04
3.313500000000000000e+04
3.313600000000000000e+04
3.313700000000000000e+04
3.313800000000000000e+04
3.315900000000000000e+04
3.316000000000000000e+04
3.316100000000000000e+04
3.316200000000000000e+04
3.320700000000000000e+04
3.320800000000000000e+04
3.346700000000000000e+04
3.346800000000000000e+04
3.348200000000000000e+04
3.348300000000000000e+04
3.348400000000000000e+04
3.348500000000000000e+04
3.349900000000000000e+04
3.350000000000000000e+04
3.350100000000000000e+04
3.350200000000000000e+04
3.353600000000000000e+04
3.414800000000000000e+04
3.418700000000000000e+04
3.418800000000000000e+04
3.420900000000000000e+04
3.431000000000000000e+04
3.431300000000000000e+04
3.431400000000000000e+04
3.494900000000000000e+04
3.495000000000000000e+04
3.495100000000000000e+04
3.495200000000000000e+04
3.495300000000000000e+04
3.497600000000000000e+04
3.497700000000000000e+04
3.497800000000000000e+04
3.497900000000000000e+04
3.500100000000000000e+04
3.500200000000000000e+04
3.500300000000000000e+04
3.883200000000000000e+04
3.883300000000000000e+04
3.883500000000000000e+04
3.886200000000000000e+04
3.886300000000000000e+04
3.886500000000000000e+04
3.889500000000000000e+04
3.889600000000000000e+04
3.889700000000000000e+04
3.889800000000000000e+04
3.893000000000000000e+04
3.893100000000000000e+04
3.893200000000000000e+04
3.895900000000000000e+04
3.896000000000000000e+04
3.896100000000000000e+04
3.896200000000000000e+04
4.537800000000000000e+04
4.544500000000000000e+04
4.544600000000000000e+04
4.544700000000000000e+04
4.544800000000000000e+04
4.544900000000000000e+04
4.546600000000000000e+04
4.546700000000000000e+04
4.546800000000000000e+04
4.546900000000000000e+04
4.547000000000000000e+04
4.547100000000000000e+04
4.547200000000000000e+04
4.548700000000000000e+04
4.548800000000000000e+04
4.548900000000000000e+04
4.549000000000000000e+04
4.549100000000000000e+04
4.549200000000000000e+04
4.549300000000000000e+04
4.702700000000000000e+04
4.702800000000000000e+04
4.702900000000000000e+04
4.703000000000000000e+04
4.703100000000000000e+04
4.703200000000000000e+04
4.703300000000000000e+04
4.703400000000000000e+04
4.706400000000000000e+04
4.706500000000000000e+04
4.706600000000000000e+04
5.065300000000000000e+04
5.065400000000000000e+04
5.067900000000000000e+04
5.068000000000000000e+04
5.068100000000000000e+04
5.068200000000000000e+04
5.891100000000000000e+04
5.891200000000000000e+04
5.891300000000000000e+04
5.893300000000000000e+04
5.893400000000000000e+04
5.893500000000000000e+04
5.893600000000000000e+04
6.371300000000000000e+04
6.375500000000000000e+04
6.378000000000000000e+04
6.378100000000000000e+04
6.380500000000000000e+04
6.678400000000000000e+04
6.678500000000000000e+04
6.678600000000000000e+04
6.680300000000000000e+04
6.709400000000000000e+04
6.709500000000000000e+04
6.711300000000000000e+04
6.711400000000000000e+04
6.716100000000000000e+04
6.716200000000000000e+04
6.718900000000000000e+04
6.719000000000000000e+04
6.721500000000000000e+04
7.424700000000000000e+04
7.425100000000000000e+04
7.425300000000000000e+04
7.436800000000000000e+04
7.437100000000000000e+04
7.437300000000000000e+04
7.437400000000000000e+04
7.437700000000000000e+04
7.437900000000000000e+04
7.438100000000000000e+04
7.438200000000000000e+04
7.438400000000000000e+04
7.438600000000000000e+04
7.438800000000000000e+04
7.439000000000000000e+04
7.466400000000000000e+04
7.466600000000000000e+04
7.728400000000000000e+04
7.728700000000000000e+04
