2.054900000000000000e+04
2.055000000000000000e+04
2.055100000000000000e+04
2.055200000000000000e+04
2.055300000000000000e+04
2.055400000000000000e+04
2.056700000000000000e+04
2.056800000000000000e+04
2.057200000000000000e+04
2.057300000000000000e+04
2.058000000000000000e+04
2.058100000000000000e+04
2.058200000000000000e+04
2.058300000000000000e+04
2.058400000000000000e+04
2.059600000000000000e+04
2.059700000000000000e+04
2.059800000000000000e+04
2.060800000000000000e+04
2.060900000000000000e+04
2.092200000000000000e+04
2.092300000000000000e+04
2.092400000000000000e+04
2.092500000000000000e+04
2.096800000000000000e+04
2.099800000000000000e+04
2.099900000000000000e+04
2.100600000000000000e+04
2.100700000000000000e+04
2.101600000000000000e+04
2.101700000000000000e+04
2.102700000000000000e+04
2.102800000000000000e+04
2.114600000000000000e+04
2.114700000000000000e+04
2.114800000000000000e+04
2.114900000000000000e+04
2.116500000000000000e+04
2.116600000000000000e+04
2.116700000000000000e+04
2.116800000000000000e+04
2.124500000000000000e+04
2.124600000000000000e+04
2.127500000000000000e+04
2.127600000000000000e+04
2.134700000000000000e+04
2.134800000000000000e+04
2.134900000000000000e+04
2.135000000000000000e+04
2.137200000000000000e+04
2.137300000000000000e+04
2.137600000000000000e+04
2.137700000000000000e+04
2.138900000000000000e+04
2.139000000000000000e+04
2.145200000000000000e+04
2.145300000000000000e+04
2.146300000000000000e+04
2.146400000000000000e+04
2.149100000000000000e+04
2.149200000000000000e+04
2.149300000000000000e+04
2.149600000000000000e+04
2.150800000000000000e+04
2.186200000000000000e+04
2.186300000000000000e+04
2.187200000000000000e+04
2.187300000000000000e+04
2.187400000000000000e+04
2.187600000000000000e+04
2.189400000000000000e+04
2.189500000000000000e+04
2.190900000000000000e+04
2.191000000000000000e+04
2.533000000000000000e+04
2.534900000000000000e+04
2.535000000000000000e+04
2.535300000000000000e+04
2.537900000000000000e+04
2.538000000000000000e+04
2.540200000000000000e+04
2.540300000000000000e+04
2.540400000000000000e+04
2.540500000000000000e+04
2.607800000000000000e+04
2.607900000000000000e+04
2.608000000000000000e+04
2.608100000000000000e+04
2.608200000000000000e+04
2.608300000000000000e+04
2.608400000000000000e+04
2.608500000000000000e+04
2.608600000000000000e+04
2.608700000000000000e+04
2.608800000000000000e+04
2.609000000000000000e+04
2.609100000000000000e+04
2.610400000000000000e+04
2.610500000000000000e+04
2.610600000000000000e+04
2.610700000000000000e+04
2.610800000000000000e+04
2.610900000000000000e+04
2.611000000000000000e+04
2.611100000000000000e+04
2.611200000000000000e+04
2.611400000000000000e+04
2.611500000000000000e+04
2.611600000000000000e+04
2.678900000000000000e+04
2.679000000000000000e+04
2.681000000000000000e+04
2.681100000000000000e+04
2.681200000000000000e+04
2.681300000000000000e+04
2.737600000000000000e+04
2.749800000000000000e+04
2.749900000000000000e+04
2.750000000000000000e+04
2.750100000000000000e+04
2.750200000000000000e+04
2.750300000000000000e+04
2.750400000000000000e+04
2.750500000000000000e+04
2.750600000000000000e+04
2.750700000000000000e+04
2.753500000000000000e+04
2.753600000000000000e+04
2.753700000000000000e+04
2.753900000000000000e+04
2.754000000000000000e+04
2.754100000000000000e+04
2.754200000000000000e+04
2.754300000000000000e+04
2.754400000000000000e+04
2.754500000000000000e+04
2.754600000000000000e+04
2.756600000000000000e+04
2.756700000000000000e+04
2.756800000000000000e+04
2.756900000000000000e+04
2.757000000000000000e+04
2.757100000000000000e+04
2.757200000000000000e+04
2.757300000000000000e+04
2.757400000000000000e+04
